1000041
1000165
1000561
1000652
1001338
1002047
1002146
1002401
1002468
10025914
1003805
1003862
1005651
10062222
1007822
1008226
1008408
1008549
1009463
10094670
1010073
1010669
1011451
1012731
1012996
1013143
1013259
10140440
10143808
1014521
1015619
1015734
10157980
10167567
1017375
1018019
1019108
1020205
1020619
1021567
1022037
1022045
1022334
10224509
10236776
10241776
1025832
1026061
10262228
10264455
1027085
1027986
1028513
1028968
10297679
1030220
1031269
1031517
1032796
10331999
1033406
10340057
10340206
10343762
1035179
10358786
10361210
10364487
10364693
10366441
10366581
10370427
10370849
1037092
10371672
10372415
10372456
10372688
10374387
10377380
10381408
10382406
10386290
10386738
10388643
10389591
10390185
10394294
10396877
10398816
1040328
10405165
10407294
10408375
1041052
1042175
10422269
10422707
1042498
10426526
1042993
10440626
1044072
10440774
10442226
10444016
1044569
10449502
1045376
1045392
10455780
10455806
10455871
10455954
1046283
10467462
10474682
10474823
10478808
10480671
10483469
10484848
10485647
10490969
10492924
1049428
10497048
1049899
10501534
10505501
10506095
1051010
10511285
1051622
10523876
1052653
10527190
10527281
10530541
1053081
10531903
10532760
10533800
10534774
10539005
10539849
10540441
10541076
10543452
10543965
10544260
10548931
10551307
10551356
10552677
10557072
10563633
10566404
10572980
10573400
10576478
10582385
10582971
10583326
1058338
1058841
1059609
10599165
10601110
10605707
1060672
10606895
10608834
1061217
10614790
10618221
10619088
10619575
1062272
10622991
10624120
10624427
10625622
10626125
10627503
10627537
10632222
10632818
10632842
10632909
10633436
10636694
10637429
10637684
1064054
10644979
10647386
10650539
10650711
10650877
10651255
10651537
10653178
10655207
10655967
10656619
10657617
10658433
10659225
10661056
10661973
1066265
1066430
10666717
1066745
10669166
10673390
10673531
10673903
10674992
10676161
10676294
10677284
10678431
10679405
10680619
10680700
10681187
10681443
10682813
10683373
10683431
10684561
10685865
10686525
10687143
10687648
10688828
1068907
10689974
10690295
10690360
10692010
10692408
10698272
10700326
10702959
10703833
10704468
10705408
10706018
10706893
10707313
10707446
10707693
10707990
10708345
10710275
10711166
10711935
10711992
10713642
1071455
10718500
10718724
10719813
10719839
10720910
10721355
10721405
10721611
10721801
10722106
10722262
1072230
10723658
10723666
10724292
10725190
10728442
1073063
10731255
10732410
10734879
10735975
10741155
10741825
10742203
10742286
10743813
10743979
10744118
10747087
10748762
10755239
10755809
1075654
10756740
10756930
10757557
10758696
10758951
1076041
10760668
10761260
10761419
10762011
10762193
10762680
10763043
10763068
10763696
1076868
10774289
10774453
10774933
10775328
10775369
10775526
10776276
10776292
10778108
10778801
10779502
10780245
10781276
10781698
10781912
10782266
10782399
10782910
10782928
1078294
1078302
10783975
10784031
10784585
10785541
10786234
10786259
10786358
10787455
1079177
10791820
10791895
10793982
10794691
1079607
10797348
10798346
10800357
10800381
10800589
10801363
10801397
10803203
10803286
10803922
10805232
10806537
10806925
10807022
1080944
10809697
10811131
10812428
10816171
10816536
10817021
10817195
10818375
10818748
1081884
10819860
10820991
10822385
10822419
10823169
10823607
10826063
10826154
10828564
10828606
10829000
10829026
10829745
10829794
10831220
1083617
10837417
10837755
10837847
10837961
10838688
10840932
10841153
10841583
10841690
10842276
1084383
10844124
10844249
10844652
10845063
10845725
10846129
10847283
10847523
10848356
10848430
10848919
10849073
10850675
10851061
10851244
10851442
10851699
10852069
10852416
10852705
10854305
1085513
10857258
10857639
10860641
10861417
10862266
1086255
10862688
10862696
10862761
10863041
10863819
10864247
10864635
10865236
1086727
10867521
10867695
10868503
10869089
10870244
10871317
1087220
10873610
10874394
10874451
10874782
10874873
10875375
10876019
10876290
10877322
10877488
10877975
10882074
10882397
10883759
10884252
10885671
10886232
1088731
10887446
1088772
10888832
10889228
1088947
10889889
10891455
10894996
10895563
10896322
10897734
10897825
10899128
10899615
10900538
10900876
10901676
10905040
10905552
10905586
10907129
10907160
10907640
10908234
1091008
10911501
10912061
10912129
10913226
10913234
10913283
10914455
10914661
10915304
10918696
10920007
10920056
10921435
10921815
10922326
10923068
1092329
10923860
10924637
10924991
10925014
1092535
1092543
10925873
10926111
10926517
10927176
1092873
10929289
10930196
10930287
10930634
10931616
10932119
10933703
10933984
10935070
10936946
10936995
10937035
10937241
10937837
10938595
10939114
10939171
10939205
10939544
10940203
10941979
1094283
10943462
10943793
10943959
10944528
10944577
10945137
10945590
1094606
10946838
10947083
10947190
10947406
10947463
10947935
10948206
10949402
10949535
1095108
10951432
1095249
1095256
10953495
10953974
10954394
10954634
10955573
10956035
10956480
1095884
1095926
10959294
1096056
10961399
10961571
10963445
10964377
1096478
10967032
10967057
10967115
10967297
10967313
10967503
10967529
10968717
10969269
10969947
10970895
10970903
10971604
10972610
10972875
10973352
10974566
10975720
10977098
10977254
10977957
10978229
10978351
10979672
10980043
1098045
10980878
10981025
10981058
10981280
10981983
10982379
10983062
10983500
10984334
1098458
10984714
10985406
10986016
10986420
10986651
10988376
10991230
10991651
10992774
10996213
10998151
10998730
10998771
10999472
10999803
10999852
11000288
11000882
11001633
11003779
11003910
11004975
11005097
11005105
11006327
11007580
11008109
11008141
11009099
11009263
11010477
11011103
11011566
11012010
11012143
1101278
11013042
11014925
11015963
1101609
1101757
11018215
11018272
11018512
11021169
11021946
11022183
11022308
1102292
11022944
11023017
11023389
11023439
11023777
11024130
11024528
11026390
11027174
1102813
11028164
11028503
11028685
11031739
11032182
11032737
11032919
11033735
11036126
11036308
11036860
11038445
11039500
11039880
11041126
11041670
11041811
11044658
11046299
11046562
11047180
11050663
11050838
11051471
11051851
11054269
11054368
11055647
11055985
11056504
11057262
11058344
11059078
1106012
11061082
11061504
11062213
11064284
11064813
11065810
11069457
11070117
1107036
11070695
11070828
11071255
1107283
1107465
11075280
11075611
11075710
11077443
11077849
11077914
11078128
11078375
11078417
11079357
11079738
11080454
11080926
1108158
11082120
11082674
1108299
11083011
11083235
11085131
11085545
11085818
11086790
11086824
1108745
11087566
11087665
11087905
11088374
11089034
11089588
11091014
11092475
11092566
1109271
11093408
11095643
11096278
11097201
11098902
11099694
11100161
11102761
11104932
11105087
11108586
11108727
11109469
11109527
1110956
11109774
11110657
1111376
11114436
11115128
1111632
11117082
11117264
11118775
11119005
11119872
11119906
11120995
11121233
11121316
11121951
11122223
11122454
11123767
11124864
11125077
11125390
11128865
11129038
11129343
11130267
11130325
1113109
11131265
11132891
1113620
1114503
1114867
1114966
1114974
1116193
1119650
1121292
1125616
1126051
1127885
1129113
1129352
1131234
1132711
1134774
11536
13334206
13335583
13337019
13339288
13339478
13351325
13351507
13364526
13371588
13409834
13430103
13444666
13450580
13455191
13458690
13463492
13466586
13515697
13521968
13526694
13527452
13528369
13536438
13543319
13563713
13579297
13592795
13597927
13600622
13601539
13604988
13605258
13611066
13615661
13618129
13628664
13637343
13639083
13639398
13639992
13644372
13654116
13655782
13655816
13659479
13659776
13668058
13669403
13672118
13672787
13673884
13676978
13677604
13705561
13706189
13709696
13709902
13711577
13721188
13723572
13729710
13730627
13731021
13731658
13735261
13736129
13736491
13736806
13737317
13738307
13740758
13741632
13744131
13744347
13745302
13754411
13754767
13756192
13758172
13761648
13765896
13767363
13769088
13770664
13771787
13773700
13777784
13779418
13779632
13781893
13782156
13785134
13786306
13786918
13787015
13790233
13790530
13794250
13797592
13800115
13802301
13802418
13803192
13805395
13805825
13806492
13807086
13807920
13810098
13812425
13814835
13815378
13818331
13818448
13818570
13818679
13818968
13819198
13819305
13819941
13822309
13823067
13823430
13826102
13826177
13826417
13831623
13833272
13833918
13834163
13834437
13834940
13836804
13836911
13837117
13837158
13837869
13838743
13839485
13842901
13843214
13843503
13843719
13844501
13845367
13845730
13846050
13849096
13849286
13851993
13852041
13855606
13855887
13857842
13857917
13858022
13858683
13858782
13859293
13859830
13859970
13860192
13862610
13862743
13864418
13866272
13866934
13867171
13867569
13868179
13868187
13871108
13871348
13875976
13879382
13880414
13880430
13881479
13884069
13884143
13886064
13889175
13889191
13889241
13889910
13890827
13891114
13891726
13895040
13895842
13897731
13897830
13898705
13900410
13900725
13902945
13902960
13903463
13903612
13904073
13904800
13905211
13905294
13906540
13906672
13907258
13907308
13907498
13908116
13908785
13909494
13909536
13910492
13910534
13914478
13915830
13917026
13917760
13917786
13918792
13919477
13919550
13920160
13921689
13922794
13922885
13923404
13923479
13923578
13924725
13924949
13929906
13932439
13934930
13936414
13937495
13938238
13939038
13939632
13940150
13940390
13941562
13941638
13941695
13942446
13942453
13942487
13943543
13943873
13944004
13944228
13944285
13945613
13946603
13946843
13946942
13951017
13951611
13952437
13952890
13953427
13954102
13954631
13955778
13955919
13956883
13957329
13958012
13961362
13962469
13962899
13963533
13963566
13963582
13964119
13964366
13964754
13964770
13965066
13965405
13966098
13966965
13968003
13968342
13968862
13969860
13970561
13970991
13971189
13971817
13976535
13976568
13976683
13977301
13977798
13978192
13980149
13981279
13982079
13982814
13983275
13984562
13985155
13985247
13986328
13987540
13987805
13988290
13988324
13990452
13991104
13991955
13993423
13993647
13996939
13997416
13997630
13997713
13998232
14000608
14001135
14002166
14005532
14011845
14012918
14012926
14013379
14013429
14014567
14014724
14015770
14016083
14016109
14017446
14019780
14020259
14021489
14021638
14021653
14023741
14025373
14027544
14027965
14028732
14028914
14032304
14036651
14038806
14040562
14041578
140897
143602
143834
16436
20016903
20022786
20024949
20025425
20030706
20037859
20055158
20120903
20167243
20176822
20214938
20255329
20266979
20282141
20301230
20306171
20309183
20315768
20339420
20342580
20343349
20357489
20360053
20360582
20361945
20363131
20365094
20366225
20367249
20367660
20368130
20368866
20369880
20372454
20380127
20388781
20392833
20400727
20402137
20412052
20412730
20427290
20429098
20429429
20434544
20434940
20439352
20440293
20441143
20441457
20442877
20443503
20448387
20448429
20450789
20457016
20462313
20466785
20467882
20479481
20481958
20482121
20486833
20490652
20494571
20501086
20503629
20506317
20506333
20510277
20510822
20524468
20524906
20526851
20527289
20527677
20531893
20534160
20535514
20539631
20540415
20542114
20542544
20543963
20547568
20553319
20554440
20556270
20559225
20563706
20565313
20567541
20568002
20575262
20575387
20578118
20578613
20580874
20580908
20583050
20585428
20591681
20592333
20603692
20604294
20605788
20609061
20614780
20616843
20617056
20620332
20621033
20621439
20624458
20624722
20625372
20625463
20626024
20628210
20632360
20633830
20633897
20634069
20634507
20635850
20635975
20636825
20638227
20638904
20649356
20650834
20650974
20654307
20654687
20657144
20657821
20659371
20660221
20660619
20664587
20666137
20666319
20666574
20667002
20673398
20673927
20675062
20677175
20680823
20681318
20684767
20685186
20686713
20688321
20689204
20692349
20692869
20693115
20695839
20696159
20696191
20699872
20703195
20703443
20703872
20704136
20704144
20705547
20705604
20705968
20706529
20706826
20707568
20707626
20708020
20708566
20708939
20710760
20711180
20711206
20716809
20717153
20717260
20718722
20719613
20721684
20723185
20725388
20726055
20727863
20729885
20732632
20733374
20734398
20735718
20736468
20736740
20737169
20738746
20739637
20739900
20740346
20740510
20740593
20742227
20742292
20743951
20749396
20755286
20756607
20757118
20757431
20758306
20759122
20759502
20759965
20760906
20760971
20761334
20761482
20763561
20764775
20765095
20766614
20767406
20767661
20768149
20773891
20774394
20774840
20775276
20775524
20776126
20776381
20776746
20777280
20777397
20777629
20779344
20779799
20780094
20780219
20780748
20780862
20781548
20781621
20782017
20782942
20783080
20783932
20784419
20784807
20785119
20785945
20786828
20787446
20790267
20793816
20794400
20794962
20798427
20799524
20801916
20802328
20802740
20803698
20804274
20804365
20805305
20805537
20805610
20806253
20806493
20808325
20809562
20809638
20810941
20811139
20812236
20812970
20813242
20818209
20818225
20818761
20824413
20825386
20826772
20827341
20827853
20828406
20828422
20828463
20828927
20829321
20831707
20831962
20839478
20839916
20841094
20841748
20842837
20842944
20843009
20845012
20845889
20847141
20847885
20848040
20851085
20851713
20851796
20852158
20852737
20852810
20852844
20853099
20853925
20854071
20855078
20855185
20860953
20861274
20861621
20862652
20863437
20864062
20864484
20864492
20865853
20867024
20867917
20868063
20868246
20868444
20868915
20869301
20869475
20870812
20871117
20871299
20871331
20872073
20872313
20872586
20873238
20874236
20875464
20876207
20877114
20877155
20879540
20880365
20880936
20881439
20881660
20882882
20887147
20887279
20887287
20887667
20888913
20889028
20889432
20889903
20890331
20891073
20894630
20894846
20895132
20895389
20895512
20895876
20897716
20898250
20898722
20899746
20901765
20902409
20902607
20903175
20904165
20904967
20905766
20905881
20906475
20907127
20909818
20911152
20911657
20912242
20912960
20913026
20913067
20913307
20913828
20915039
20915658
20915740
20915815
20916144
20916730
20917241
20917498
20918165
20918470
20918686
20919395
20920054
20921433
20921995
20922449
20922787
20922852
20923066
20923280
20923660
20923934
20925673
20925798
20925806
20926481
20926507
20926770
20927158
20927406
20927588
20927901
20928669
20929501
20930004
20930236
20931648
20931747
20933602
20933883
20936415
20936548
20937181
20937256
20938601
20939351
20939997
20940565
20942769
20943049
20944591
20944690
20945127
20945242
20946406
20946471
20946919
20947180
20947537
20948030
20948048
20948857
20950382
20950820
20951562
20952834
20952883
20954517
20956561
20957262
20958708
20959995
20960555
20963617
20963856
20963948
20964185
20965042
20965083
20966552
20966735
20967931
20968343
20968897
20969598
20971149
20973061
20973772
20974960
20975397
20975553
20976551
20977385
20977526
20979498
20980215
20981072
20981577
20982054
20984019
20984167
20984662
20985370
20986980
20987731
20989182
20990354
20990644
20990685
20992228
20992467
20997177
20998274
20999306
21000070
21001243
21001433
21001722
21003314
21003736
21003918
21003942
21004049
21004460
21004692
21004908
21004916
21004981
21005632
21006978
21007836
21009071
21009402
21009436
21009584
21009725
21010582
21011036
21015896
21017025
21017900
21019146
21019153
21019807
21020904
21021225
21021613
21022298
21024286
21026687
21027222
21028873
21029111
21029160
21029459
21029525
21031653
21032834
21033162
21034343
21034392
21035340
21035639
21035985
21036454
21037247
21037882
21039292
21039532
21039631
21039680
21039821
21042114
21042395
21043591
21044581
21044821
21045034
21045505
21046933
21047311
21049325
21050703
21051560
21051578
21051743
21051958
21052568
21052667
21053020
21053038
21053582
21054457
21055165
21056312
21056734
21056940
21059621
21060660
21063136
21064696
21064720
21064910
21065701
21065834
21065917
21068259
21070115
21070644
21070669
21070776
21071154
21071840
21072996
21077755
21079124
21079579
21080445
21080916
21083001
21084223
21084470
21085451
21085634
21085766
21086921
21087580
21089214
21090493
21091012
21092358
21092911
21094180
21094313
21094347
21096292
21096409
21096565
21097159
21098983
21099080
21101670
21105192
21105747
21106778
21107230
21107248
21107289
21107412
21108113
21108840
21109673
21110150
21110200
21110358
21110481
21110770
21110895
21111000
21112370
21113287
21114160
21114392
21114772
21114905
21115183
21115548
21116124
21119920
21120241
21120860
21121116
21122098
21122775
21124128
21124771
21125000
21125547
21127014
21127105
21128475
21132154
21132477
21133129
21133525
21133731
21134085
216846
218404
23338544
23341027
23343148
23343429
23371693
23391055
23396989
23416134
23429350
23458391
23483894
23507833
23509094
23523350
23525694
23536964
23553647
23553688
23566441
23567019
23570997
23576473
23577760
23579428
23588841
23592876
23602352
23607542
23614928
23620164
23626054
23631971
23634991
23643604
23645187
23653363
23656929
23659220
23659915
23661754
23677768
23679277
23691256
23696362
23697162
237008
23702376
23713829
23721806
23728579
23729411
23729460
23731938
23732019
23734577
23736754
23741143
23741283
23743891
23745284
23747819
23749393
23749690
23750086
23752785
23753023
23753650
23754682
23754765
23755200
23756067
23757123
23759707
23763550
23765555
23767650
23767692
23768062
23769169
23770696
23770704
23771314
23771660
23772940
23773351
23773799
23773856
23774334
23777949
23778335
23778400
23778764
23781313
23781495
23781677
23783830
23785256
23785330
23786551
23786791
23787906
23788359
23789548
23791569
23791684
23799083
23800352
23800618
23801343
23802036
23804990
23806490
23807100
23809403
23810823
23810930
23812985
23815103
23815228
23815475
23816523
23817174
23819436
23819543
23819964
23822802
23826514
23826597
23826761
23826886
23830953
23831530
23831605
23832066
23832470
23834427
23834799
23834997
23835580
23835952
23836331
23837883
23839822
23842669
23842768
23843568
23844731
23846017
23846827
23847585
23853401
23855455
23855489
23855844
23856552
23856636
23858509
23858962
23859200
23860406
23862006
23862865
23864812
23866528
23873243
23873474
23877277
23879430
23880560
23882368
23883077
23885205
23885577
23886898
23887425
23887508
23887599
23887961
23888365
23890692
23890726
23890908
23892003
23892268
23896152
23897994
23898661
23901168
23905045
23906027
23907991
23908783
23909849
23910169
23914161
23914591
23914716
23915689
23916927
23917008
23917784
23917842
23919111
23919566
23919970
23921109
23921596
23922206
23922560
23923121
23923329
23923402
23925969
23926744
23927973
23928609
23929870
23932288
23932817
23933880
23934235
23935372
23935422
23935620
23935943
23936016
23937352
23937733
23938913
23939119
23939143
23939838
23939853
23940349
23941305
23943061
23943780
23945264
23945330
23947625
23948268
23949522
23950413
23950504
23950645
23951403
23951528
23952377
23952815
23952914
23953318
23953565
23954381
23954498
23954514
23954704
23954928
23955222
23956329
23956527
23956683
23957616
23957988
23958879
23959703
23959737
23962236
23962855
23963739
23964182
23965056
23965239
23966070
23966146
23966260
23966633
23966963
23967417
23968100
23969223
23969975
23970445
23971138
23975519
23978752
23978869
23978968
23979206
23979685
23980568
23980584
23981509
23981632
23982341
23983133
23984065
23984529
23986185
23987258
23987316
23989197
23989379
23990526
23992084
23994171
23994221
23995053
23995293
23995764
23995988
23996630
23996952
23997885
23997893
23998370
23999493
23999584
24005811
24007007
24007056
24007403
24007866
24008146
24008229
24008914
24009367
24010928
24011421
24011553
24012155
24012742
24013062
24013583
24013765
24014433
24014474
24014490
24016156
24017386
24017428
24019754
24020026
24021016
24021883
24021891
24022378
24023723
24024382
24026221
24026577
24027393
24028045
24028094
24028417
24029167
24029340
24030637
24030751
24031346
24032062
24032708
24032740
24034035
24034209
24036006
24036865
24040651
24041121
24041188
257733
30001176
30001796
30004691
30046692
30052765
30057194
30064125
30088058
30094130
30115109
30135347
30140156
30160998
30170708
30173108
30197925
30208284
30224760
30231617
30241871
30242598
30261069
30266613
30268981
30273940
30305882
30321426
30346340
30361299
30367908
30368419
30370092
30370522
30372122
30373088
30374383
30378657
30378871
30381313
30382089
30387468
30388680
30392344
30392393
30397095
30406839
30417265
30418495
30418933
30420202
30422687
30423164
30430888
30439954
30441315
30442263
30442537
30447932
30453773
30457139
30463046
30472187
30475263
30478978
30479521
30483077
30487193
30493159
30510713
30512602
30516561
30518997
30522635
30522833
30526065
30529069
30529432
30529531
30534143
30534150
30535892
30538946
30539092
30539795
30539837
30547632
30552434
30553705
30556245
30556351
30559439
30565295
30566749
30568422
30568646
30570394
30571491
30573000
30575815
30576078
30577001
30578454
30578629
30580716
30580997
30583033
30583868
30583959
30584668
30585707
30593719
30603567
30604631
30604656
30607253
30607519
30607873
30608012
30613863
30615934
30617336
30624001
30624092
30624589
30627798
30628234
30629125
30632004
30632772
30634067
30635155
30635536
30636674
30638845
30639017
30639025
30644728
30645105
30648414
30650402
30651152
30652754
30653133
30655666
30656177
30656698
30656953
30657357
30657720
30660229
30662068
30668677
30669188
30675250
30675961
30676357
30676480
30677272
30679062
30679948
30681761
30682330
30682496
30686554
30687222
30688501
30688550
30688766
30688824
30689152
30689244
30690812
30692826
30692875
30693519
30696371
30697916
30698047
30698294
30701643
30704407
30704746
30705172
30706428
30706683
30706782
30706840
30708978
30709208
30709372
30710941
30712467
30713184
30714745
30716872
30718399
30719363
30720296
30723993
30724819
30725675
30728844
30728885
30730675
30731152
30733356
30736110
30740567
30740690
30741425
30742118
30742142
30742704
30744296
30744429
30749741
30749873
30756019
30756449
30758569
30758759
30759039
30759542
30759583
30759625
30761662
30761902
30763254
30764302
30765275
30766307
30767370
30768048
30777593
30778757
30779516
30780290
30780506
30786230
30793046
30797377
30797567
30797724
30798615
30800841
30801062
30801880
30802052
30802565
30802797
30803878
30805832
30806988
30807168
30808638
30810113
30811749
30811996
30812440
30813216
30813281
30813299
30817803
30818603
30818900
30819254
30820559
30821060
30821227
30821375
30821425
30821912
30822126
30823090
30823561
30823686
30824577
30825475
30826929
30827588
30828321
30829089
30829261
30829303
30829824
30832737
30837314
30838387
30838585
30839369
30840326
30841423
30843098
30844146
30845622
30845762
30847479
30848402
30848444
30849848
30849947
30849970
30850366
30851034
30852081
30852651
30852685
30853410
30853535
30853568
30854145
30854566
30857940
30858120
30858237
30860647
30860878
30861652
30862247
30863955
30864235
30865430
30865844
30865992
30866610
30866727
30866974
30867386
30867832
30868228
30868285
30868400
30868806
30869283
30870497
30870836
30872857
30873228
30873384
30873954
30875694
30875884
30876783
30877690
30878524
30878573
30878938
30879084
30879902
30881726
30884183
30884431
30885040
30885222
30885495
30887277
30887293
30887327
30888788
30888846
30891212
30895874
30897292
30897417
30897961
30899942
30901243
30903546
30904650
30904882
30905681
30908099
30908396
30908578
30908628
30908727
30910723
30912505
30916159
30918189
30918809
30919179
30920490
30920615
30922694
30922785
30922926
30923122
30923726
30923999
30924260
30925135
30925358
30926380
30927958
30928394
30929525
30929616
30929798
30929855
30930655
30933105
30934467
30936413
30937569
30939474
30939730
30940506
30940522
30940845
30943252
30943898
30944003
30945364
30945844
30947121
30947196
30947931
30948939
30949150
30949382
30951081
30951123
30952162
30954739
30954861
30956056
30956171
30956502
30957492
30957757
30959456
30960074
30960710
30962021
30963631
30964696
30965446
30965941
30967459
30968671
30968846
30969323
30969430
30970487
30971022
30971279
30971824
30972517
30972590
30972889
30975452
30975668
30975924
30976781
30976864
30976906
30976948
30977029
30977086
30977920
30977953
30978787
30978969
30980197
30980551
30980783
30980809
30982789
30982961
30983043
30983241
30983514
30983654
30983753
30986137
30986533
30987705
30988364
30989487
30989503
30989636
30989693
30990428
30991566
30992242
30993232
30993661
30993968
30995815
30996441
30996847
30996912
30999502
31001225
31001571
31001985
31002561
31003585
31004260
31006323
31006711
31007198
31008071
31008758
31008774
31009954
31010937
31011042
31011125
31011596
31011745
31012164
31012222
31013048
31015746
31015860
31016595
31017320
31017767
31018922
31019474
31019698
31019789
31019813
31020092
31020779
31021090
31021140
31021520
31022668
31023088
31023575
31024334
31024425
31024458
31025372
31026198
31030000
31032329
31034077
31034325
31034333
31034705
31034820
31035850
31036288
31038664
31038953
31040009
31040157
31041924
31042476
31043904
31045099
31045644
31045651
31045750
31046865
31048069
31048200
31048259
31048838
31048853
31049570
31050370
31050800
31054588
31055205
31055643
31057169
31057326
31057888
31058167
31058274
31058761
31058993
31059033
31059322
31059553
31059637
31060080
31060106
31061500
31062110
31063043
31063126
31063332
31065022
31065147
31065279
31066160
31067168
31070956
31071152
31071475
31071939
31072085
31072143
31073034
31074073
31075286
31075492
31075682
31075740
31077696
31077852
31079791
31080799
31084551
31085426
31085962
31085988
31086614
31086739
31087265
31087927
31090632
31090699
31091234
31093149
31093214
31093701
31093727
31094535
31095243
31096530
31098924
31099260
31099419
31099831
31100159
31100316
31100696
31101140
31101686
31101991
31104862
31105356
31106479
31106578
31106719
31107899
31108111
31108368
31109358
31110349
31113004
31113012
31113624
31114135
31114283
31116098
31117633
31117955
31118441
31119647
31120165
31121494
31123847
31124910
31126345
31126865
31130263
31131758
31133044
31133689
31134869
323204
33337213
33346826
33347394
3335296
3335569
33371071
33409483
33422676
33457763
33461054
3346343
33495615
33495995
3351137
33530361
33549114
33557463
33577750
33591611
33598566
33599788
33601733
33608530
33614249
33630930
33637307
33641226
33642885
33646944
33647017
3365947
33659533
33661182
33665027
33669466
33670118
33677063
33683459
33688185
33689688
33691551
33697285
33700451
33701327
33702283
33702507
33702838
33707621
33710708
33713074
33716002
33716028
33720152
33724857
33726134
33727728
33728783
33731068
33731142
33735994
33740242
33740275
33740622
33741620
33742099
33750001
33750233
33754250
33754607
33754755
33755562
33755711
33761255
33762386
33766148
33767757
33770165
33771148
33771205
33773110
33774423
33774928
33775008
33779521
33779588
33783242
33784885
33785486
33785650
33789397
33789678
33789967
3379062
33794942
33795089
33795519
33795600
33798307
33800772
33802497
33803354
33803701
33805904
33806407
33806712
33808205
33808262
33809864
33810813
33810987
33811282
33811894
338129
33813809
33814880
33816471
33816984
33820333
33822214
33822818
33822941
33823006
33823212
33826157
33826512
33827023
33828153
33832189
33832437
33832718
33833013
33833997
33834334
33839341
33840828
33841222
33843699
33845090
33845348
33846866
33846924
33848920
33849589
33853466
33856113
33856212
33856923
33857020
33859794
33859901
33860248
33861691
33862160
33864117
33865320
33867490
33868290
33868852
33869256
33871120
33871609
33873647
33874611
33874694
33875022
33876566
33876863
33876970
33878224
33879529
33879578
33880634
33881814
33883810
33888124
33889262
33889841
33891136
33891284
33892050
33894460
33894775
33897075
33900341
33901141
33902347
33903329
33904376
33904525
33905464
33905647
33906884
33907460
33910696
33912437
33913047
33913161
33913781
33913955
33914086
33914458
33914714
33914946
33915034
33915232
33918467
33918657
33918707
33918731
33919242
33919309
33920331
33920539
33921925
33921958
33923921
33923947
33924259
33924382
33925801
33925884
33926247
33928094
33928300
33929415
33929498
33931114
33931999
33932450
33932807
33932922
33933201
33934126
33934274
33936154
33936220
33936824
33941477
33941865
33942038
33944430
33947706
33947896
33948803
33950841
33950916
33952490
33952516
33953290
33953746
33953811
33953894
33954280
33954892
33955402
33956665
33957663
33957754
33958497
33960444
33961079
33961319
33961434
33962192
33962267
33963026
33963034
33964925
33965088
33965344
33965914
33966862
33968777
33969437
33970310
33973538
33978313
33978958
33981960
33982398
33983057
33986969
33988411
33989039
33990128
33990201
33991795
33992025
33992801
33993601
33993809
33993874
33995523
33996075
33996695
33997586
33997909
33998014
33998881
34003277
34004069
34004796
34007021
34009993
34011775
34012948
34013870
34015586
34015859
3401593
34016097
34017392
34017665
34019018
34020271
34021402
34022251
34024638
34024836
34025619
34025718
34025726
34025882
34027839
34030460
34030692
34030734
34031351
340323
34032714
34032912
34032953
34033092
34034371
34035162
34036772
34037630
34039099
34039503
34040790
34042275
34042481
34042861
341164
3430444
343798
3444965
3448347
3451911
3457264
3461514
34629
3465242
346916
3480795
350157
3522885
3524444
3533205
353466
3539905
3549029
356840
3571338
3572450
3579646
3588761
359273
3593092
3596889
360461
3605441
3606043
3607215
3621265
3621422
3624251
3632486
3638616
3640125
3645835
3670254
367615
3685880
3687969
3688249
3691375
3693298
3696713
3699469
3704236
3705597
3710431
3714409
3721461
372532
3728615
3729035
3729720
3731858
3732195
3740495
3741477
3742723
3743556
3744265
3744554
3747714
3749009
3749389
3751112
3753001
3753084
3753662
3753712
3755097
3755238
3755246
3757051
3757564
3762416
3763299
3767480
3767571
3768215
3768306
3768884
3769908
3770450
3772209
3775566
3778008
3779279
3779659
3780517
3781200
3781408
3783776
3784212
3784444
3786480
3786746
3787306
3787702
3787751
3787892
3787918
3791043
3796703
3796984
3798394
3799061
3799335
3799962
3800018
3800448
3800752
3800885
3801131
3804556
3804671
3805355
3806965
3806999
3808011
3808110
3809373
3810074
3810421
3811841
3812518
3812815
3814225
3815180
3816055
3816105
3817079
3817202
3817459
3817848
3818895
3819588
382127
3822111
3822244
3823093
3823291
3823408
3824067
3824117
3826930
3831484
3832144
3832185
3833209
3834272
3834686
3834868
3835568
3835634
3836723
3837622
3837853
3838232
3838778
3839461
3841343
3842689
3843877
3844032
3844214
3846490
3846805
3846904
3847761
3847787
3849247
3852753
3853140
3855558
3855699
3855764
3857661
3859774
3860756
3861408
386276
3862851
3863644
3864022
3867603
3869245
3875325
3876083
3877354
3878162
3879384
3880614
3882677
3882701
3882776
3882974
3884475
3886462
3887007
3887437
3887833
3888005
3889318
3890845
3891215
3892031
3892155
3892692
3893757
3896370
3897931
3898053
3898087
3898400
3900743
3904075
3904620
3904943
3905569
3907300
3907425
3908290
3908712
3912813
3913977
3913985
3914660
3914975
3915410
3915584
3916590
3916905
3918844
3919495
3919776
3920089
3920188
3920204
3920337
3922762
3922945
3922952
3923513
3925674
3925872
3926656
3927621
3927852
3927860
3928249
3928272
3928959
3929494
3929767
3931656
3931664
3931821
3932308
3932589
3932704
3932787
3933140
3934486
3934775
3934833
3936028
3938727
3939063
3939485
3940871
3941234
3942158
3942364
3942588
3942901
3947934
3948726
394890
3950151
3950359
3950888
3951480
3952009
3952611
3952991
3953593
3954351
3954559
3957503
3957529
3957891
3958980
3959442
3960614
3961117
3961414
3962768
3963691
3964277
3964798
3964889
3965118
3965225
3966504
3967148
3967197
3967254
3967585
3968575
3968658
3968765
3968781
3969706
3970332
3970373
397042
3971223
3971330
3971967
3972627
3973591
3975638
3976412
3978186
3979135
3980588
3981602
3982295
3984051
3989183
3989779
3991221
3992880
3993094
3993227
3995990
3997335
3997632
4000089
4000196
40009110
4002424
4002929
4003091
4003158
40035792
40037756
40037905
4004412
40046252
40062754
40065187
4008306
4008595
4008967
4010500
4011532
40125254
4013413
4013702
40137911
4013884
40141061
4014114
4014353
4014650
40146938
4014916
4015327
4015376
4015574
4015657
4016945
40177677
4019162
4019758
4019816
4020525
4021937
40219826
4022794
4022836
40234460
40254310
40254476
4025953
4026068
4026449
4026720
4028221
4028445
4028627
40287799
40289639
4029823
40298614
40310450
4031340
4031829
4032033
4032124
4032421
4033395
40334245
40337990
4034484
40349466
40350134
4035127
4035689
40358830
40359614
40364721
40367815
40368334
4036968
40373748
40378176
40378507
4038238
4038360
4038592
40387680
4038998
4039236
40397705
4039871
40399883
4040721
40408411
40409724
40410102
40417008
4041869
40425456
40436909
40441578
40442451
40445140
40452518
40455883
40462186
40465981
40474140
40474629
40482507
40483208
40489940
40492738
40497521
40509077
40513079
40513269
40514226
40514895
40516353
40516437
40519431
40519704
40525768
40539876
40541757
40545451
40545824
40547341
40548554
40551707
40555849
40556888
40557134
40559130
40561979
40562712
40563751
40564775
40566374
40568289
40568438
40568446
40571499
40572919
40577991
40580516
40580599
40580953
40581563
40581985
40583890
40584161
40585234
40585390
40585614
40586026
40587735
40591109
40591414
40594558
40596066
40598617
40600314
40603250
40604407
40607715
40608804
40609299
40609950
40614000
40614240
40614869
40614984
40620908
40621161
40621773
40623910
40624520
40625840
40627895
40631459
40632218
40632317
40632861
40636243
40637183
40637852
40637928
40638801
40646069
406470
40650186
40652281
40653032
40654410
40654709
40655680
40656241
40657686
40657819
40658361
40658502
40658916
40659856
40660995
40661928
40666422
40667537
40668808
40669665
40674178
40674764
40676249
40679078
40681223
40681843
40686669
40688087
40688160
40689309
40689424
40689440
40691602
40692493
40695165
40699068
40699621
40700759
40701799
40702714
40703563
40705204
40705246
40706020
40706103
40706491
40706608
40707788
40707804
40708281
40708653
40708877
40709008
40709701
40709826
40710196
40710576
40710758
40715658
40719429
40723157
40723512
40724072
40724130
40724155
40724270
40724692
40724858
40725236
40729147
40730269
40731242
40731796
40732133
40734279
40734303
40736902
40737561
40737678
40738940
40739450
40739625
40739732
40741050
40741589
40741803
40744047
40744153
40746166
40747867
40749111
40755324
40755738
40758435
40758526
40759144
40759615
40760639
40760936
40761116
40761173
40761314
40762130
40762684
40764102
40766297
40775009
40776064
40777211
40777468
40777534
40778326
40779498
40779795
40780561
40781361
40782112
40782435
40783490
40783615
40784738
40786584
40786766
40787111
40789810
40790040
40791618
40791741
40794695
40794778
40797375
40797516
40797631
40798399
40800393
40800534
40800831
40801425
40802282
40802365
40802613
40803132
40804460
40804502
40808065
40808081
40810541
40811317
40811598
40811663
40816274
40816290
40816514
40817504
40817777
40817868
40818148
40820110
40822751
40822967
40823064
40823593
40825820
40826836
40827347
40827990
40828147
40828634
40828907
40829087
40829715
40830614
40830788
40837403
40837700
40838922
40840662
40840977
40841124
40841249
40843641
40843856
40844201
40845216
40845463
40845513
40845703
40847204
40848103
40848566
40849804
40850646
40851065
40851156
40851438
40851446
40851503
40853947
40854424
40855447
40863458
40863920
40864332
40864811
40864878
40865479
40865800
40866717
40869190
40870263
40870511
40870529
40871741
40874125
40874182
40876112
40876229
40877698
40878134
40878787
40879199
40879579
40880387
40881179
40883225
40884744
40885691
40887481
40889263
40890238
40890949
40895427
40895716
40897415
40898322
40898439
40898751
40901415
40903155
40905846
40906307
40907081
40907354
40907826
40908774
40909061
40909426
40909517
40910317
40910473
40910663
40911430
40912032
40912362
40914053
40914970
40915654
40916223
40916371
40917031
40917288
40918393
40918732
40919201
40919359
40919698
40920365
40920563
40920787
40921405
40922098
40923005
40923088
40923112
40924011
40925133
40925141
40925992
40928541
40928947
40929184
40929911
40930182
40930513
40932204
40932501
40933574
40934218
40936437
40937153
40937856
40937989
40938003
40938516
40938680
40939142
40939274
40939308
40939522
40939563
40941759
40942641
40942872
40944779
40944811
40945503
40945735
40945792
40946675
40947517
40947541
40948028
40949133
40949281
40949711
40950727
40951311
40952335
40952350
40955783
40957805
40958878
40959637
40959702
40960288
40960395
40960510
40960668
40961625
40963654
40963969
40964074
40964272
40964520
40965246
40966376
40966384
40966764
40967424
40968463
40968554
40969024
40969206
40969271
40969362
40969677
40969768
40970204
40970279
40970402
40971103
40971723
40973299
40973554
40974651
40975070
40975328
40977225
40978702
40979478
40979841
40980245
40980443
409813
40982241
40982514
40982696
40982712
40982761
40983116
40984353
40987547
40987588
40989030
40990178
40992133
40992158
40992422
40992752
40993057
40993289
40994170
40994378
40994444
40994816
40995219
40996704
40997074
40997538
40998460
40999039
40999351
41001090
41001272
41002122
41002429
41002965
41002973
41003013
41003252
41003435
41003690
41004318
41004490
41005760
41007428
41007634
41007949
41009291
41009606
41012220
41013210
41013319
41015090
41015884
41016510
41016726
41017138
41017435
41018144
41018839
41019076
41019233
41020967
41021080
41021494
41023227
41023516
41024761
41024993
41026451
41027491
41028119
41028341
41028853
41029000
41029240
41029273
41029919
41030727
41031287
41031949
41032491
41033499
41034109
41034281
41034612
41034927
41036468
41036971
41037250
41037805
41038969
41041435
41041724
41041757
41042516
41043076
41045469
41045816
41045881
41046376
41046665
41046996
41047200
41047861
41048307
41048372
41049891
41051814
41051889
41052408
41052697
41052978
41053067
41054289
41055153
41058298
41061466
41062092
41062829
41063041
41064981
41067158
41069048
41075680
41076126
41077512
41077728
41078379
41079328
41079344
41079898
41080243
41082652
41083031
41085374
41086885
41087230
41087495
41088345
41088469
41088626
41090184
41091133
41091745
41093170
41093246
41093535
41094491
41098864
41099086
41099276
41099615
41100249
41102294
41102393
41106907
41108648
41108671
41109026
41109919
41109984
41110792
41110883
41111535
41117037
41119272
41119330
41119710
41120239
41121112
41122219
41122326
41122813
41123803
41125022
41125071
41126640
41126749
41128018
41129107
41129842
41129917
41130667
41131186
41131483
418137
420265
427765
428334
43336411
43341122
43346725
43350131
43364074
43367259
43370675
43370725
43374651
43390814
43402361
43431303
43433119
43435734
43446087
43446277
43448851
43461045
43486505
43549260
43551134
43568757
43571041
43576115
43585579
43586437
43593185
43593300
43598887
43606177
43623990
43629773
43643287
43647858
43649862
43654714
43655067
43655307
43656941
43657535
43658772
43660356
43661529
43666866
43669118
43669829
43677079
436782
43692623
43693886
43693985
43695493
43695667
43696558
43706340
43713031
43715390
43716679
43716695
43718469
43727148
43730043
43730431
43730886
43731025
43733229
43735034
43739846
43741156
43743384
43743848
43744028
43744390
43749753
43752906
43753821
43754357
43754670
43755115
43756162
43756758
43757855
43760156
43761204
43762327
43763150
43763341
43764364
43765882
43768274
43769488
43769595
43771245
43773621
43778612
43778711
43779610
43780717
43780998
43782093
43783562
43784362
43786706
43788744
43789312
43791763
43793181
43793751
43796275
43796721
43797877
43798347
43801745
43806835
43807155
43807395
43808153
43808310
43809755
43810639
43811264
43812106
43812544
43813161
43813518
43813971
43816891
43817469
43817766
43818111
43818335
43818913
43819523
43822154
43822980
43823863
43824093
43825702
43827955
43830868
43831536
43832377
43832807
43833037
43833060
43833250
43833284
43835750
438366
43836725
43839828
43839885
43841279
43843820
43844042
43844802
43845627
43846179
43847409
43848019
43849082
43849363
43849793
438499
43852367
43852607
43853936
43853977
43856749
43857945
43858273
43859222
43859925
43860519
43860576
43860907
43861285
43861376
43864016
43864826
43866177
43870211
43870658
43870690
43870732
43873512
43873546
43875392
43876655
43877984
43879188
43879279
43879337
43879659
43880442
43884089
43884758
43885185
43885797
43886910
43889013
43889344
43889666
43889898
43891225
43891241
43892611
43894807
43897701
43897727
43898972
43900760
43900851
43902337
43903350
43904366
43904689
43904762
43906312
43906759
43909084
43909894
43913169
43913813
43915446
43917129
43918481
43918580
43919000
43919414
43919752
43920511
43922202
43922327
43922566
43922913
43923531
43924141
43924604
43924976
43926062
43926138
43926153
43926591
43927268
43927292
43927631
43928159
43929454
43929942
43930007
43930031
43931211
43931690
43932854
43933142
43933175
43933621
43934108
43936434
43936608
43937267
43937531
43940063
43940261
43940279
43941202
43941590
43942853
43943711
43944107
43944461
43945559
43945948
43946219
43948298
43948447
43951896
43952324
43952449
43952639
43953728
43954007
43955004
43956184
43956465
43956952
43957257
43957661
43959071
43959600
43959741
43961200
43962281
43964105
43964386
43964469
43964766
43965094
43966944
43968064
43968742
43971050
43971928
43972504
43973890
43974823
43976158
43976406
43976489
43977669
43977990
43978402
43979236
43980580
43982354
43983220
43984145
43984228
43988773
43989490
43989516
43991488
43992270
43992841
43993732
43994839
43994847
43996099
43997212
43997261
43997550
43997998
43998129
43998574
44000347
44002947
44005395
44007714
44011088
44011302
44014405
44014454
44014876
44016137
44020709
44020782
44020857
44021491
44027498
44029106
44029122
44029734
44029932
44031474
44031649
44034346
44037380
441063
441550
444547
444570
452888
453779
453860
469569
475319
476507
477505
494187
496133
499681
500215
50033364
50038058
50038983
50041581
50054063
50061837
50063056
50118728
50138965
50147669
502005
50208156
50220235
502344
50251545
50269513
50271048
50288042
50291673
50309400
50314541
50334754
50349356
50354828
50360858
50362102
50368026
50371103
50372671
50372838
50373133
50382456
50389881
50393826
50394998
50401538
50405976
50406354
50406461
50407402
50409416
50413871
50413921
50418300
50418904
50431568
50436211
50437078
50441336
50441468
50448984
50449354
50449453
50461581
50464254
50469634
50470517
50471101
50477553
50482199
50482819
50489343
50492487
50496108
50497064
50505874
50510353
50522408
50522689
50523968
50524750
50525179
50526235
50527811
50531854
50539014
50540681
50545805
50549989
50552348
50554666
50554823
50556307
50565118
50566504
50566694
50567312
50571538
50573971
50576388
50578194
50582519
50582691
50583228
50584465
50587930
50589175
50592955
50596667
50601285
50608421
50608439
50612647
50613447
50614056
50614254
50616135
50617075
50618404
50619998
50620780
50621010
50621358
50623990
50625037
50625268
50625813
50626274
50627660
50627850
50632843
50634211
50636828
50637115
50637404
50637735
50637776
50639855
50640051
50640333
50644087
50650647
50653427
50653435
50653724
50654623
50654813
50655059
50656610
50656651
50658186
50658285
50660075
50660877
50661420
50661982
50664713
50666122
50667849
50668623
50668680
50668722
50668821
50669464
50672971
50673029
50673680
50673979
50677053
50678630
50679034
50679059
50679935
50681576
50683325
50687300
50688191
50688563
50689215
50691336
50691450
50691567
50691799
50692250
50692292
50692748
50693001
50693241
50693498
50693951
50694157
50694231
50695071
50698745
50701960
50702570
50702737
50704279
50705623
50706803
50707462
50707983
50708148
50708312
50708437
50708809
50708973
50709518
50710656
50711084
50711217
50713361
50713809
50714690
50714815
50719277
507202
50720952
50721158
50721208
50723444
50723931
50724020
50724293
50724392
50724624
50725407
50725472
50725621
50725738
50728047
50728195
50728260
50729656
50730118
50731553
50732098
50733450
50733906
50737089
50737154
50739317
50740877
50741529
50744101
50747914
50748664
50749605
50755271
50756162
50757517
50759208
50759430
50759554
50759703
50760800
50761949
50763689
50764125
50764174
50764547
50765098
50765999
50766526
50766708
50767151
50767201
50767565
50767714
50776376
50777523
50778893
50785252
50786755
50788637
50788843
50789726
50790278
50790336
50793124
50793801
50797638
50798859
50800945
50801109
50801638
50801885
50802768
50806488
50807312
50810050
50810522
50810837
50811314
50812502
50816123
50816313
50816958
50816982
50817055
50817311
50819275
50819390
50820489
50821073
50821107
50821388
50822840
50824028
50824804
50825504
50827336
50827344
50827559
50828276
50828698
50828862
50828912
50828961
50829225
50829324
50829761
50829811
50830587
50830918
50832542
50838390
50839463
50839620
50840503
50840768
50840917
50841501
50841790
50842400
50842467
50842731
50843432
50844406
50844588
50844737
50844851
50845551
50846286
50846740
50847797
50849017
50849124
50849173
50849629
50849694
50850437
50850643
50852722
50854090
50854231
50855030
50855063
50855337
50860501
50860824
50861012
50861079
50862283
50862671
50863133
50864032
50864107
50864180
50866060
50866771
50867043
50867274
50868462
50869023
50870815
50871896
50873348
50874239
50874478
50875061
50875632
50875681
50876390
50876754
50878834
50884386
50885979
50886308
50888130
50888866
50890276
50890904
50891498
50895572
50896018
50897909
50899459
50899582
50899954
50900877
50901628
50901750
50901784
50903590
50904101
50905496
50905587
50905660
50906635
50908698
50909142
50910249
50911296
50912054
50912278
50912658
50912864
50913102
50913854
50914225
50914282
50914761
50914886
50915875
50916626
50916733
50918465
50918739
50919349
50919760
50921378
50921592
50921618
50922483
50923028
50923192
50923234
50924463
50925239
50925965
50927748
50927938
50927946
50929116
50929512
50929603
50930064
50931260
50931369
50931617
50933654
50934645
50935972
50936434
50937267
50937796
50938745
50939073
50939438
50940048
50940535
50941293
50941731
50941814
50943158
50943307
50944156
50945690
50945831
50945997
50946599
50946755
50947696
50949080
50949395
50950948
50950971
50952951
50953223
50953272
50953447
50954189
50954247
50955426
50955731
50955848
50955947
50956770
50956853
50957174
50957919
50959592
50960442
50961937
50962216
50964113
50964618
50965821
50966225
50966571
50967041
50967462
50967611
50968288
50968312
50969443
50969666
50969773
50969807
50969948
50970417
50971027
50971035
50971720
50972660
50974815
50978444
50979202
50979269
50979871
50980325
50981992
50982107
50982263
50982701
50982776
50984228
50985191
50985720
50986082
50986827
50987205
50987262
50987312
50988070
50988229
50988732
50988815
50989276
50989672
50990605
50991777
50992643
50993286
50993625
50993930
50999804
50999820
51000420
51000891
51001782
51001949
51002228
51002665
51003143
51003358
51003721
51004190
51004760
51005155
51006146
51006310
51007193
51007516
51008027
51008506
51008647
51008753
51008837
51009173
51009348
51009819
51012755
51013639
51013845
51014884
51016020
51016053
51016129
51016509
51016657
51017861
51017986
51018083
51019040
51019552
51019602
51020238
51020477
51022440
51022473
51024636
51025054
51026151
51026169
51026433
51026516
51026581
51028389
51028595
51029031
51030419
51030526
51031805
51032159
51032266
51033652
51034734
51035194
51037703
51040020
51042125
51043388
51044014
51044428
51044964
51045342
51045425
51046118
51046126
51047231
51047652
51047959
51048676
51048965
51050128
51050938
51051670
51052660
51052942
51053163
51053866
51054989
51055044
51055150
51056489
51056778
51057933
51058667
51059707
51061547
51062107
51062529
51065548
51067239
51070423
51070431
51070548
51070555
51070621
51070712
51071702
51072569
51075562
51079135
51079945
51080695
51081834
51082980
51083384
51083392
51083517
51083756
51084192
51085934
51086668
51086999
51087203
51088128
51088607
51092104
51092443
510933
51093698
51094001
51097038
51097293
51098168
51098606
51098846
510990
51099067
51099091
51099133
51100469
51100626
51101434
51101574
51101806
51102093
51102630
51103794
51103810
51105492
51106003
51106599
51106771
51108496
51110211
51110229
51111987
51113074
51113108
51113470
51114924
51115475
51118529
51120509
51120608
51122372
51123404
51124188
51126399
51127173
51127488
51127553
51127868
51128403
51130011
51130516
51130821
51130987
51131183
51132561
51132777
51133015
51135077
511519
514158
516443
519694
524298
524439
532598
53336665
53370391
53389144
53438222
53446936
53470829
53507463
53530374
53543005
53546842
53561551
53570172
53577656
53585113
53599817
53608139
53613246
536136
53619524
53622577
53629390
53643425
53648002
53659629
53669685
53670808
53671525
53674412
53679759
53685731
53688362
53690483
53696324
53712659
53716411
53721189
53727988
53730487
53730776
53730842
53731857
53734208
53735395
53735726
53736401
53737003
53746095
53746475
53753315
53753653
53754982
53756524
53756748
53757712
53759791
53762183
53762712
53763710
53767513
53768834
53769121
53769964
53770400
53771168
53772950
53773743
53773842
53777652
53778437
53781415
53782942
53784450
53784807
53785614
53785705
53785820
53787818
53788097
53789012
53789129
53789442
53790085
53790267
53795282
53796199
53798294
53802393
53804621
53805446
53808523
53809380
53809745
53809851
53810313
53811386
53811469
53812319
53813960
53814166
53814216
53815007
53815056
53816559
53817466
53817763
53817862
53818399
53818720
53819215
53819694
53822144
53823977
53823985
53824132
53826574
53827135
53830931
53831087
53831160
53831467
53831921
53832101
53832556
53832838
53832879
53833323
53834594
53835849
53836631
53836862
53839544
53840823
53843124
53843223
53843520
53844510
53846275
53847786
53848685
53855706
53856613
53858049
53861316
53862603
53864039
53864146
53864369
53864393
53867669
53867701
53871323
53879250
53880688
53882478
53882569
53883450
53883740
53884417
53885497
53886909
53889291
53890505
53890745
53892170
53894085
53894648
53896056
53896163
53896940
53897898
53900791
53900874
53905386
53906426
53907127
53907929
53908182
53908224
53909214
53909560
53910394
53912911
53913844
53914032
53916292
53916318
53918819
53919924
53920153
53920310
53921011
53921722
53921854
53922423
53923330
53923413
53923421
53923819
53924726
53925616
53926424
53926705
53927794
53929071
53932471
53932893
53933008
53933032
53933362
53934170
53934915
53938510
53940656
53942678
53942702
53942918
53943163
53943650
53945036
53947503
53948691
53949103
53949871
53950549
53951521
53952776
53954525
53955241
53955415
53956785
53958252
53958633
53959698
53960258
53960605
53961546
53962353
53963633
53965133
53965521
53965646
53965778
53966099
53966693
53967311
53967923
53968889
53969408
53971610
53972089
53972501
53973475
53973947
53974747
53974978
53976676
53977898
53977922
53978037
53978482
53979100
53979233
53979589
53979746
53981577
53982336
53982427
53983052
53983979
53984704
53985511
53986121
53987475
53987699
53988663
53989844
53994059
53995395
53995999
53996153
53996302
53997011
53997110
53998290
53998449
53999827
54001581
54005442
54005913
54006416
54007562
54007836
54007992
54008164
54010632
54012240
54013487
54013883
54014089
54016332
54017637
54017702
54019278
54020243
54020508
54022611
54024880
54025267
54027149
54027909
54028675
54028832
54029335
54030564
54031091
54034657
54035449
54035654
54037882
54038062
54038591
54038708
54038773
54039490
54040068
54041785
54041892
54042239
54064
544718
553842
555458
558809
559476
570994
571968
573840
574756
575332
577445
578567
578989
591206
591412
592071
594515
59675
599274
599514
60015955
60041613
60059425
60072949
60076668
60077005
60099066
60121746
60129541
60143799
60200292
60211158
60213923
60230299
60264579
60268471
60274057
60283215
60289709
60306271
60315439
60317898
60318003
60326618
60328390
60336104
60342532
60356938
60358306
60360724
60364726
60369089
60369451
60369774
60370558
60387438
60393121
60407012
60409828
60411972
60426681
60431285
60444189
60450541
60452349
60462009
60466422
60471729
60482585
60483062
60487311
60489325
60489879
60498490
60501434
60503992
60514056
60515707
60516614
60516853
60517109
60518453
60521515
60523321
60524469
60525813
60526555
60527165
60528619
60530714
60536059
60536901
60537776
60540069
60541489
60542644
60546066
60555851
60556313
60556933
60558426
60558814
60559192
60560646
60564929
60566866
60567518
60571528
60572971
60573581
60573946
60575826
60577863
60577905
60578515
60581170
60582558
60583762
60587227
60592102
60595246
60595253
60600350
60600467
60600707
60602901
60608833
60611480
60613973
60614435
60614633
60614682
60616117
60616596
60618162
60620952
60621554
60624160
60624392
60624491
60624665
60627429
60628146
60632064
60633104
60635570
60636891
60637212
60637253
60637766
60639069
60639366
60639861
60647609
60647823
60650264
60650280
60650371
60650579
60652583
60653953
60655644
60655834
60656394
60659075
60659885
60665262
60666005
60668803
60673043
60674090
60674991
60677291
60677648
60679164
60679768
60682630
60687670
60687720
60688140
60689221
60689973
60690088
60690237
60690690
60692506
60692878
60693553
60695079
60695350
60696440
60696911
60700465
60700697
60701125
60702131
60702180
60702545
60703543
60703824
60704293
60704368
60706355
60706553
60706645
60707288
60707452
60707700
60707957
60708260
60711603
60712148
60712809
60713161
60713310
60714243
60714540
60718350
60718756
60718970
60719077
60719333
60719523
60719721
60720935
60723640
60724317
60724457
60724556
60724770
60725553
60725652
60726031
60726940
60728367
60729316
60730769
60734217
60734837
60734910
60735123
60735230
60737566
60737624
60741543
60741766
60742137
60743820
60744125
60744141
60746591
60747292
60747805
60748035
60749512
60749751
60756210
60759933
60761012
60762218
60762721
60762911
60763810
60764602
60764867
60765740
60766524
60766565
60766946
60767522
60767555
60767753
60774536
60774700
60774858
60775228
60776333
60778826
60781010
60781705
60782042
60784329
60784402
60785946
60786050
60786092
60786175
60786761
60786860
60789146
60789203
60789765
60791753
60793080
60797446
60797636
60797800
60798196
60798477
60798618
60800448
60800588
60801800
60802253
60804176
60804457
60806585
60806601
60809449
60809571
60811049
60811577
60813284
60816261
60816782
60818549
60818630
60819729
60819802
60820081
60820131
60820214
60820669
60820867
60821014
60821147
60821873
60822269
60822830
60822889
60823465
60825825
60825858
60826450
60827730
60827862
60828134
60828324
60828456
60828985
60829744
60830536
60831989
60832904
60837986
60838356
60839180
60841467
60842150
60842804
60842879
60843208
60844248
60845005
60845575
60846987
60848009
60852001
60852357
60855566
60855723
60857364
60858081
60858172
60858529
60858628
60861580
60861754
60862323
60862380
60862901
60863057
60863347
60864501
60865433
60865664
60865870
60866100
60866175
60867330
60868437
60868734
60870557
60871175
60873833
60873841
60874856
60876091
60878477
60878873
60878964
60882677
60884046
60884301
60885340
60885746
60887726
60888591
60888880
60891041
60894797
60894896
60896867
60902806
60902871
60904950
60906021
60908241
60908373
60908431
60911559
60912128
60912615
60913480
60914009
60914033
60916038
60916657
60917820
60918430
60919107
60919206
60919651
60920295
60921541
60922176
60923349
60924230
60924818
60925849
60926185
60928199
60929494
60929809
60929882
60930435
60930500
60930583
60930906
60931755
60932696
60933058
60933314
60933819
60937299
60937430
60938834
60939071
60939469
60939758
60941663
60942067
60942950
60942968
60943230
60943685
60946977
60947652
60948726
60948775
60949898
60950193
60950318
60953015
60953205
60954658
60956133
60957784
60958170
60959178
60959392
60960069
60961828
60962925
60962974
60963501
60964715
60964921
60966017
60966892
60967353
60967791
60968104
60968153
60968377
60969870
60969979
60971017
60971371
60971553
60971694
60972122
60973286
60976925
60977089
60977469
60977592
60980711
60981107
60981412
60982501
60983574
60986387
60986429
60989027
60989035
60990132
60990595
60990694
60991064
60991866
60992989
60993052
60993862
60994308
60994928
60995677
60995867
60995917
60996006
60997251
60997277
60997970
60998333
60998408
60999042
60999612
61000014
61000535
61001269
61002093
61003075
61004610
61005799
61006151
61006706
61006730
61007969
61009650
61012290
61013207
61014478
61015111
61015269
61017919
61018131
61019584
61020236
61020442
61021101
61022034
61022497
61022547
61023040
61024857
61027082
61027744
61027819
61029567
61029849
61030037
61030391
61032009
61032132
61032280
61032512
61032637
61034823
61035291
61035978
61039988
61040184
61040853
61041356
61044913
61045373
61046710
61048153
61049268
61050449
61050928
61051413
61052825
61054151
61054409
61054995
61057394
61058087
61058269
61058491
61059671
61060018
61060307
61060612
61061107
61062410
61064200
61066486
61070199
61070462
61070843
61071114
61071965
61073367
61074332
61075834
61075883
61076873
61079729
61079992
61080057
61080339
61081758
61082152
61082483
61083028
61083093
61083176
61085114
61089322
61089371
61091112
61091609
61092110
61092839
61093209
61093415
61094389
61094520
61094553
61094769
61094967
61095501
61096418
61097390
61097895
61099230
61099255
61100475
61101358
61101648
61102778
61103701
61104600
61104881
61105045
61105136
61106605
61108072
61108882
61110128
61110201
61112546
61112595
61112702
61112967
61113460
61115002
61115176
61115234
61117768
61118626
61119020
61119160
61119905
61121141
61121463
61123360
61123907
61126462
61127122
61127650
61127866
61128013
61130514
61131587
61133963
613851
615237
616409
620955
621060
62760
63333702
63346761
63370050
63371843
63376818
63379168
63397087
63407100
63457212
63485122
63487409
63526370
63530828
63579882
63581060
63581078
63583587
63588867
63592836
63596217
63596845
63602858
63604060
63609291
63610109
63610463
63613624
63621361
63621502
63652275
63661961
63662795
63664692
63669816
63672075
63672109
63675896
63675904
63678973
63691489
63693683
63695985
63696470
63697288
63699052
63700637
63701353
63705495
63707186
63711170
63711907
63712632
63715445
63719074
63719231
63721393
63722862
63729677
63729917
63733679
63734560
63736490
63736730
63737415
63746721
63749980
63750657
63751333
63752695
63753289
63753479
63754154
63754659
63755169
63755417
63755524
63756530
63757033
63757694
63757728
63759765
63760086
63767271
63767677
63767941
63768642
63778138
63779466
63780092
63780548
63780555
63782486
63783435
63783765
63785752
63786818
63787253
63794358
63798599
63799977
63799985
63800106
63800601
63800817
63801088
63801799
63802292
63803225
63803688
63804017
63805303
63805352
63806129
63806277
63807184
63808620
63809107
63809115
63810071
63810766
63811186
63811830
63811939
63812143
63812903
63814040
63814412
63815039
63815252
63815351
63816565
63818595
63822670
63823165
63823454
63823587
63824049
63826655
63827117
63827976
63830756
63831085
63831168
63832406
63832885
63834022
63835862
63836878
63837363
63839518
63840870
63841159
63842843
63843379
63844088
63845887
63846554
63846778
63847628
63848212
63849491
63853519
63855720
63856926
63857031
63858559
63858708
63859086
63859128
63859250
63859821
63860092
63860795
63860969
63861454
63862023
63865893
63866263
63866925
63867139
63867253
63869051
63869390
63870547
63871784
63872758
63874044
63876924
63877138
63877377
63879738
63879761
63880439
63880645
63881486
63883631
63884233
63885255
63886311
63886543
63886634
63886923
63887160
63887434
63888721
63890040
63890248
63890297
63890446
63890727
63891105
63891204
63891907
63892434
63892632
63893051
63896393
63898720
63899249
63899827
63900179
63900195
63901672
63902878
63904817
63906697
63906796
63908271
63908701
63909576
63909899
63910095
63910467
63912984
63913552
63914428
63914527
63915748
63915953
63916845
63916993
63917140
63917579
63919500
63919542
63919930
63920508
63920615
639211
63921373
63921464
63921670
63921803
63922488
63922835
63923668
63924930
63926323
63926802
63927370
63927784
63928204
63928592
63928949
63929681
63930572
63931026
63933444
63935415
63935530
63936454
63938872
63939532
63940076
63940399
63940720
63943864
63944862
63946719
63947642
63948145
63948673
63949325
63949911
63950687
63950760
63951586
63951818
63952212
63952535
63953673
63954077
63954424
63955249
63956064
63956106
63956171
63956536
63956775
63958102
63958631
63959761
63959852
63960512
63960702
63962245
63963516
63964258
63966030
63966220
63966345
63967087
63967343
639674
63968069
63968259
63969687
63971469
63972327
63973135
63973408
63974109
63974620
63975205
63975452
63975627
63975866
63977599
63977987
63979645
63979702
63979827
63980999
63983910
63984249
63984686
63986061
63986848
63986905
63987846
63988224
63989461
63989891
63993349
63993729
63993950
63994032
63994412
63997639
63998504
63998595
64001571
64005820
64007693
64008857
64011059
64011521
64012107
64016413
64016470
64016892
64019060
64019128
64019391
64019417
64019565
64019599
64019730
64020100
64021702
64021793
64023179
64027287
64032790
64033533
64035603
64035611
64037120
64038151
64038797
64040140
64040801
646257
650879
652453
653808
653915
654087
680983
683680
696310
70013933
70015771
70032990
70034269
70034947
70075346
70081005
70107263
70107966
70108444
70142013
70155692
70171707
70182027
70188867
70196118
70197694
70212048
70218391
70227194
70229810
70260104
70270707
70294426
70297544
70309968
70312863
70322367
70323688
70328471
70333240
70336284
70343116
70344460
70350053
70356902
70358890
70361605
70368626
70393087
70403969
70406657
70407309
70407465
70416789
70418538
70422811
70430244
70431689
70436845
70441084
70441399
70445614
70445770
70452883
70454731
70459300
70471586
70477971
70478110
70479357
70481478
70482740
70484118
70487392
70499967
70503347
70505946
70506407
70507439
70508031
70510581
70526124
70529151
70529730
70530720
70536164
70536321
70542246
70542717
70544010
70545942
70551304
70551726
70561543
70562004
70564943
70565197
70567052
70567292
70568258
70569330
70569504
70573860
70576483
70577556
70580535
70580733
70582002
70582184
70583281
70583422
70583968
70584537
70589296
70591540
70592365
70595939
70598701
70599493
70599576
70604608
70606959
70607718
70614086
70614920
70615976
70619903
70624374
70624788
70625447
70629357
70630470
70631585
70634316
70635107
70635222
70636956
70637715
70637939
70638259
70638325
70638671
70639372
70647458
70650932
70651153
70652094
70653795
70654553
70655519
70655915
70655998
70656434
70659461
70659487
70660261
70660873
70663240
70665013
70665229
70665484
70667019
70667993
70669767
70673355
70673785
70675483
70675756
70676788
70676846
70677208
70678040
70679840
70685292
70686589
70686688
70686720
70686738
70686829
70687678
70689005
70689682
70690490
70690763
70691787
70693072
70694096
70694120
70695259
70695622
70699632
70701909
70705058
70705876
70706155
70707302
70708193
70708318
70708946
70709571
70712559
70713144
70713177
70713300
70713797
70714035
70717202
70717541
70718325
70721972
70721980
70722095
70722673
70723515
70723655
70725098
70725197
70728001
70728415
70728639
70729462
70731096
70732805
70734785
70735162
70735360
70735824
70736004
70736467
70737531
70739826
70739982
70740444
70740899
70741095
70741236
70741343
70742655
70742754
70746623
70749734
70755848
70757224
70758461
70760012
70760335
70760491
70760970
70762018
70762562
70763354
70766118
70766522
70768155
70774138
70774906
70775762
70775770
70777198
70777255
70777800
70778154
70778261
70778980
70780747
70781463
70781687
70782602
70783261
70784954
70785043
70786066
70787031
70789870
70791066
70791330
70793229
70793419
70793468
70793476
70794086
70794730
70794961
70797147
70802491
70803754
70808605
70811096
70811161
70812052
70812573
70816434
70817218
70818133
70818927
70820147
70821277
70821319
70821483
70821624
70822275
70822283
70823786
70824016
70824115
70824701
70825526
70825591
70825807
70826409
70826615
70827993
70828355
70828413
70829205
70829726
70829841
70830948
70831771
70831953
70837307
70837414
70838750
70838859
70838875
70839303
70839667
70840251
70840558
70840582
70840905
70840921
70840996
70841184
70841192
70841838
70842117
70842448
70842646
70843974
70844287
70845953
70846068
70846118
70846159
70846480
70849252
70851688
70851787
70851878
70853494
70854849
70858089
70861042
70861588
70861687
70862115
70862131
70863311
70864426
70865423
70865647
70866181
70868351
70869797
70870209
70871611
70871868
70872445
70873617
70874227
70874581
70875695
70880968
70881164
70883053
70883467
70884200
70884531
70884663
70884929
70884960
70888128
70888276
70888797
70896170
70896816
70897103
70897822
70897988
70897996
70898754
70901905
70902580
70904859
70905310
70906904
70907613
70908124
70908678
70908686
70909403
70911250
70912746
70915756
70915913
70916846
70917356
70917695
70917752
70918768
70920467
70921523
70921721
70922653
70923172
70923446
70925813
70926654
70928882
70929138
70929567
70930060
70930342
70931225
70932256
70932892
70933064
70935085
70935341
70936364
70937453
70938220
70938758
70939210
70939624
70939913
70940226
70941471
70942727
70944442
70945423
70946678
70946710
70947379
70949169
70949813
70949995
70950266
70951249
70951470
70952072
70952247
70952759
70952890
70953062
70954078
70954516
70955315
70955943
70956248
70956503
70957121
70957675
70959523
70959960
70960653
70960711
70961883
70962014
70962444
70962816
70964614
70964739
70964986
70965074
70965769
70966304
70966478
70966882
70969001
70969126
70970538
70971585
70972260
70972682
70972930
70973052
70973177
70973250
70974068
70974571
70974977
70974985
70975859
70976204
70977624
70977806
70978432
70979182
70979620
70979661
70979695
70979893
70980339
70980370
70980560
70982152
70982210
70983598
70985106
70986252
70986328
70986682
70986898
70987383
70987607
70988209
70988530
70989991
70990759
70991336
70991849
70992490
70992896
70993134
70993209
70994140
70995139
70995675
70996640
70998398
70999362
70999768
71000046
71002232
71003305
71004089
71005516
71006761
71007496
71007710
71009773
71010227
71010318
71010391
71010623
71011423
71013916
71016265
71016539
71016588
71017313
71017594
71018162
71018543
71018782
71018865
71019061
71021273
71022271
71022941
71023477
71025035
71025282
71025563
71026983
71028088
71028120
71028138
71030183
71030357
71030654
71031652
71031843
71032072
71032080
71032221
71032270
71033435
71035125
71035661
71036826
71037139
71037444
71037816
71038020
71038327
71041479
71041859
71043384
71043566
71043590
71044226
71048904
71049308
71050306
71051494
71052294
71052609
71052682
71054803
71056261
71056501
71056675
71058200
71058291
71058432
71060214
71060677
71060727
71061022
71062673
71065148
71068209
71068225
71069074
71070627
71072300
71072417
71072789
71074363
71074439
71077309
71079438
71079628
71080246
71081657
71082481
71082986
71083547
71083612
71084750
71085682
71086193
71086474
71086854
71087167
71087720
71089098
71089288
71090427
71092043
71092357
71092464
71092506
71093793
71095616
71096044
71096390
71096598
71097000
71097430
71097638
71100119
71101562
71103667
71104020
71104061
71105761
71106314
71106967
71108104
71109599
71109748
71112213
71113559
71116586
71116966
71117378
71117584
71119788
71119952
71120737
71121214
71121495
71121628
71122006
71122741
71123293
71124671
71124713
71125074
71125660
71126353
71126551
71127658
71127856
71127971
71128300
71129316
71129555
71129621
71130058
71130256
71130579
71131189
71131882
71132450
71133045
71133367
71133714
71134746
716886
717454
718528
719997
720052
720268
723304
727537
728691
729624
731851
731885
73336760
73340663
73345332
73385668
73389488
73401028
734236
734590
73461709
73464547
734764
73487639
73496697
73502940
73522419
735274
73528788
73528986
73556011
73582470
73589046
73618506
73619785
73632259
73638496
73638991
73641581
73641961
73648255
73650475
73654345
73665994
73678369
73679193
73679789
73686925
73696270
73703977
73705584
73706665
73709008
737106
73712143
737148
73718363
73719619
73720567
73720898
73726085
73730608
73732588
73733651
73733800
73734469
73735219
73736092
73740920
73742645
73742835
73742942
73750002
73754038
73754079
73754558
73754632
73755787
73755795
73757262
73760399
73760704
73763062
73765778
73770703
73771305
73773186
73773442
73775108
73778607
73779597
73779712
73781163
73783649
73785446
73787509
73789455
73790727
73790834
73796328
73800161
73800336
73801268
73801573
73803025
73805350
73805772
73808669
73808727
73809931
73810731
73810814
73811606
73815243
73815516
73816712
73817603
73818437
73819229
73819591
73819617
73822306
73822678
73823155
73823288
73826190
73826554
73830697
73830879
73830937
73831505
73831547
73832636
73832867
73833386
73833519
73833550
73833717
73834376
73837817
73838054
73839979
73842809
73843294
73843328
73845067
73845331
73846164
73847303
73848095
73849291
73849473
73852030
73852527
73852725
73855959
73856841
73857039
73857708
73857906
73859258
73859860
73860728
73860975
73861536
73862575
73862997
73863037
73863383
73863516
73864522
73867053
73867400
73872905
73878670
73879280
73879991
73881070
73882573
73882888
73883290
73883597
73884066
73884561
73885139
73885246
73887457
73888265
73888406
73889271
73890030
73891939
73892101
73893778
73894719
73895971
73896862
73898983
73900615
73901282
73904054
73904757
73906083
73906711
73906737
73907453
73909137
73910465
73912776
73913832
73914202
73915688
73916066
73916280
73917106
73917882
73918476
73918880
73919433
73919821
73920977
73921090
73922205
73922692
73923740
73923831
73924045
73924870
73925182
73926172
73926362
73926388
73926644
73927089
73927584
73928384
73928806
73930653
73931099
73932261
73933160
73934226
73934515
73934630
73935504
73935835
73936379
73937229
73938060
73938623
73940124
73940207
73940728
73941544
73944936
73945636
73946048
73946741
73947491
73948929
73950867
73951626
73952038
73952400
73952830
73952962
73954489
73956104
73957888
73959959
73961062
73961922
73962680
73963126
73963233
73964926
73965097
73965493
73965535
73966277
73968307
73969453
73969479
73969693
73969941
73970105
73970444
73972655
73973430
73973588
73973661
73973679
73974727
73976052
73976292
73976359
73976672
73979148
73979825
73980062
73981870
73981946
73982076
73984619
73984809
73984874
73986721
73987570
73987869
73989600
73989998
73990020
73991622
73993966
73994147
73996399
73996621
73996829
73997116
73997322
73997975
73998106
73998197
73998288
73998882
74001306
74001769
74006107
74006230
74007402
74008319
74010026
74012402
74014556
74014747
74015686
74016627
74017666
74018995
74019274
74023557
74023904
74024829
74024852
74025685
74026709
74027012
74027103
74027806
74028051
74028697
74029059
74030271
74032244
74032939
74033762
74035874
74036419
74037938
74039207
74039512
74229
748947
764266
766303
767038
791491
791566
793190
793414
80003536
80004971
80012701
80060593
80060882
80061393
80072937
80085517
80091077
80094378
80118714
80164023
80230451
80241417
80260391
80271059
80284573
80285901
80299720
80317993
80329543
80346315
80348808
80351208
80357395
80362445
80365059
80369143
80370471
80374861
80388325
80388986
80405343
80411804
80413214
80415284
80416126
80417546
80421936
80427933
80428329
80437791
80440878
80449192
80449325
80450695
80451362
80483787
80486632
80489651
80498363
80500275
80505233
80506090
80514748
80519002
80519275
80520612
80528367
80531205
80533300
80533656
80534324
80551286
80555832
80555949
80556863
80558554
80559990
80560899
80562549
80562614
80564511
80564602
80565583
80567001
80568512
80569254
80569668
80571805
80573512
80575996
80578362
80578503
80578537
80580475
80580913
80581317
80581572
80581937
80582539
80583420
80583792
80583867
80584634
80585458
80586795
80592835
80595457
80595473
80595929
80600398
80600521
80603160
80607013
80608961
80614878
80614886
80616154
80620990
80624463
80624695
80624745
80624794
80627623
80630643
80632128
80633076
80633282
80633985
80634165
80634801
80635402
80636392
80636624
80636889
80637663
80637689
80638778
80638950
80639578
80640055
80644263
80645617
80646565
80648017
80649312
80649882
80650419
80652159
80654015
80655467
80656606
80659584
80660012
80660517
80661739
80661978
80664824
80665078
80666001
80666423
80666787
80667678
80668676
80669385
80673205
80673650
80674005
80675796
80678170
80678188
80679814
80681562
80682727
80683717
80683857
80685118
80685506
80686496
80686637
80687221
80687841
80688062
80688351
80688427
80691751
80692411
80693260
80694078
80694318
80695463
80696560
80697493
80700347
80701709
80702111
80703291
80703366
80703754
80704463
80705569
80706237
80706286
80707599
80707748
80708530
80709553
80710205
80711203
80711344
80712193
80712953
80715014
80718513
80718679
80719065
80719230
80720568
80722150
80722762
80725112
80725187
80725211
80725831
80726094
80728405
80729254
80731615
80731839
80732654
80733918
80734288
80737109
80737471
80739170
80739394
80740566
80741267
80742141
80749708
80749740
80750565
80750797
80755663
80757800
80759467
80759632
80759871
80760242
80760549
80761158
80762461
80762636
80764533
80764582
80764848
80765514
80766421
80767148
80767585
80768005
80774441
80774458
80774839
80775398
80775596
80775927
80778350
80778665
80779101
80781446
80781982
80782436
80782535
80783038
80783731
80783822
80784580
80784937
80785033
80786510
80787039
80787286
80789191
80789381
80789951
80791411
80792674
80794498
80794829
80797418
80798234
80798440
80800055
80800352
80800824
80801335
80801780
80802663
80803182
80803448
80803810
80804818
80806789
80810716
80812217
80812514
80816234
80816382
80817794
80817810
80817976
80820202
80820624
80822570
80822901
80823131
80823321
80823362
80824600
80825227
80825706
80827751
80827769
80828106
80828296
80828379
80828783
80831449
80832587
80837511
80838048
80838139
80838774
80839046
80839145
80839194
80839483
80839541
80839640
80839988
80840135
80841224
80841281
80841364
80842842
80843717
80844202
80845472
80847106
80847742
80848260
80848666
80848799
80849656
80849888
80851991
80852742
80853088
80853708
80854730
80857782
80857808
80860638
80860976
80862253
80864150
80865280
80865579
80866023
80866585
80866965
80869670
80871098
80871189
80872831
80873417
80873540
80873797
80874647
80874977
80875065
80877079
80878044
80879505
80882574
80882608
80882889
80884299
80884356
80887367
80887714
80888134
80888910
80889454
80890031
80890759
80895014
80896293
80896434
80898208
80898232
80898356
80898505
80899602
80902166
80902893
80908114
80908338
80908460
80908973
80909450
80909807
80911126
80911662
80911787
80912108
80912983
80915218
80915499
80915689
80916018
80916034
80917834
80918774
80919079
80919418
80919806
80921653
80921737
80922412
80927403
80928617
80929136
80929417
80929482
80929698
80930050
80930779
80931108
80932155
80933575
80934508
80935455
80937501
80939481
80940216
80942055
80942642
80943657
80944283
80944895
80945637
80945843
80945900
80947427
80948995
80949332
80949944
80950470
80951221
80951619
80951940
80953441
80954092
80954514
80954803
80955172
80955420
80955966
80957384
80957475
80960354
80960776
80961428
80962897
80963788
80964695
80966757
80967391
80968860
80968985
80970049
80971583
80974355
80975139
80975212
80975261
80975899
80976012
80976186
80977168
80977648
80978380
80978471
80979131
80979560
80979602
80979958
80980105
80980204
80980899
80981012
80981210
80981442
80982556
80983216
80984180
80986987
80987993
80988041
80988066
80988504
80989692
80990047
80990377
80990476
80992001
80992266
80993413
80994692
80994734
80994775
80994809
80995319
80995806
80995962
80997265
80999857
80999998
81000481
81000960
81001133
81001380
81001869
81002016
81002321
81003741
81004921
81006066
81007007
81008021
81008476
81009359
81010324
81010514
81010639
81011215
81012478
81012569
81014805
81015000
81015141
81016990
81017923
81018129
81019465
81020703
81020802
81020927
81021933
81022196
81025017
81025405
81025421
81025512
81025660
81029076
81029589
81029852
81030140
81030249
81032369
81032625
81032955
81033136
81033458
81034902
81035529
81036436
81036469
81037558
81039570
81039729
81042129
81042251
81043689
81044018
81044281
81047425
81048670
81049595
81050890
81052086
81052391
81052631
81052805
81054637
81055105
81055386
81055774
81056756
81057259
81060311
81061673
81062697
81063158
81065872
81066144
81070815
81071953
81072035
81072399
81072548
81076507
81076523
81076572
81077059
81078040
81078297
81081713
81082091
81082141
81082505
81082760
81083198
81084980
81085631
81085862
81086209
81087348
81088999
81091332
81092256
81092652
81093213
81093619
81093841
81094393
81095176
81095242
81096448
81099046
81100752
81101073
81101966
81102220
81102394
81102618
81102790
81103509
81104887
81108466
81108847
81112120
81112997
81113318
81114472
81114720
81116709
81117756
81117905
81118150
81118739
81118937
81119794
81120941
81122368
81123036
811232
81124018
81124109
81125114
81125254
81126088
81126633
81127235
81127680
81127748
81127979
81129447
81131096
81132276
81132680
81132912
81133340
81133431
811604
812321
812594
813246
830018
830133
830232
831503
831776
83336362
83346114
83347237
83398198
83447011
83464412
83478677
83512855
83528273
83530063
83545301
83545970
83549196
83554667
83578112
83581421
83595777
83599993
83603704
83605402
83606327
83607630
83610832
83614321
83621235
83621532
83663419
83663625
83665307
83665919
83669358
83671826
83672873
83678490
83679001
83683136
83689091
83689331
83690040
83696906
83702597
83704379
83711549
83729814
83730564
83735266
83736397
83742221
83748533
83748855
83749655
83752659
83754390
83756031
83756973
83758144
83759969
83766139
83766949
83767657
83768010
83769067
83778423
83778928
83780080
83781112
83784413
83784454
83784926
83785881
83791509
83791673
83791699
83795880
83796714
83796789
83798744
83799023
83799197
83799627
83799742
83800011
83802785
83808725
83811513
83814426
83814475
83814590
83815043
83816082
83816272
83816975
83817742
83818245
83823088
83823799
83824243
83826628
83830901
83832865
83833095
83833236
83836338
83837849
83838557
83840090
83843573
83843987
83844142
83844589
83844878
83845594
83848820
83849380
83849471
83851030
83859934
83860361
83861948
83864124
83866129
83866210
83868034
83868281
83868570
83868786
83870691
83875682
83876698
83879171
83879486
83880005
83880302
83880534
83883942
83884684
83885772
83886606
83887042
83887224
83888461
83888792
83889196
83891309
83891358
83892711
83894642
83894972
83896829
83897744
83897892
83901058
83904094
83904615
83905315
83909317
83912618
83913574
83913632
83914051
83914655
83915371
83915397
83917419
83917443
83919100
83920264
83920421
83920777
83920876
83922054
83923342
83923508
83925776
83925875
83926246
83927350
83927392
83927756
83929562
83930339
83933002
83934539
83934596
83934810
83935619
83936856
83938480
83941047
83941302
83944827
83944967
83946301
83948059
83948760
83948851
83949313
83949669
83949792
83950410
83950659
83952473
83954065
83954347
83954792
83956755
83956904
83958918
83960385
83960823
83961110
83961458
83961722
83962324
83962753
83964445
83965269
83965707
83966440
83966614
83966705
83967232
83967539
83972232
83972638
83972950
83975748
83976209
83976639
83976969
83976977
83977231
83978320
83979823
83980144
83980342
83981522
83983122
83984005
83984252
83984286
83984898
83985176
83986521
83986679
83986729
83988311
83988493
83990028
83991067
83991992
83992214
83993030
83993238
83993642
83996348
83997668
83997684
83997718
84000058
84000900
84003078
84008309
84008838
84009893
84009935
84010156
84011261
84012418
84013135
84013168
84015437
84016427
84017615
84019819
84019892
84021344
84024157
84024298
84024884
84026236
84026517
84027838
84028489
84029644
84030683
84031137
84031806
84032846
84032952
84036185
84037563
84037571
84037795
84039742
84040203
84042423
853895
873950
874297
875039
875302
875336
875625
876094
876201
876573
877100
877449
878637
879247
879528
879874
880203
880823
882662
885160
886697
888222
88922
890152
890301
890889
891473
895680
895698
897629
898809
90008731
90018912
90020942
90045477
90048851
90089632
90094376
90095886
901397
90142159
901660
901991
90207739
90223074
902395
90251661
902536
90254590
90259847
90297599
903211
90345992
903567
90357070
90359084
90363565
90368242
90369794
90370438
90371147
90380031
90386681
90386723
90390857
90395401
90413576
90414053
90416876
90423971
904243
90425224
90434721
90435413
90437831
90449042
904532
90454430
90457177
90464603
90467200
90467820
90471236
90474693
90475096
90475567
90477142
90478645
90482076
90489873
90493909
90494048
90495268
90500331
90507559
90508276
90515644
90517558
90519604
90522343
90524240
90527516
905364
90536665
90537135
90537929
90538109
90538992
90539719
90543323
90543752
90552563
90552647
90557059
90558446
90561770
90562257
90564410
90566928
90568361
90570565
90571845
90572041
90578170
90578261
90580580
90581901
90582271
90582974
90589375
90592411
90592866
90595216
90603101
90607326
90612656
90612714
90614306
90615832
90616426
90617531
90618208
90622994
90624636
90624891
90624909
90625153
90627092
90627712
90631011
90631219
90636911
90639923
90640194
90644758
90647124
90650474
90652116
90654674
90655515
90656695
90656745
90656778
90657172
90657743
90657974
90658238
906586
90659814
90660788
90661315
90665084
90667684
90673062
90675224
90679572
90680802
90680844
90681495
90681560
90681594
90682410
90683699
90686551
90688839
90689076
90689167
90690470
90691122
90692195
90692518
90694050
90695008
90695198
90696105
90696147
90699414
90699703
90699984
90700097
90700659
90701954
90703885
90704594
90705088
90705336
90705401
90705559
90705757
90706771
90708033
90709924
90710914
90716457
90716739
90716911
90716986
90717133
90719139
90719584
90724667
90724766
907261
90726993
90727900
90730193
90730979
90732629
90734393
90736166
90736919
90737040
90739798
90740671
907410
90741604
90742263
90742420
90742677
90747734
90748203
90748450
90750449
90756040
90756164
90756503
90756776
90758251
90760059
90760877
90761248
90762410
90765702
90766015
90766999
907717
90774647
90776956
90777202
90777939
90778986
90779679
90779703
90780073
90780206
90781147
90781170
90781386
90781642
90782525
90783408
90785056
90786443
90786534
90787029
90789306
90792078
90792797
90794835
90797671
90797804
90798232
90798992
90799925
90801093
90801101
90801697
90801754
90801812
90802489
90805292
90805367
90806977
90807108
90807249
90807421
90808593
90808650
90808734
90811159
90812389
90816315
90816539
90818410
90819475
90819707
90820739
90821190
90821281
90821695
90821703
90825068
90826850
90827643
90827668
90828328
90828989
90829797
90829979
90832890
90832999
90838517
90838525
90839051
90839150
90839648
90839994
90840158
90840687
90842253
90842998
90843046
90843988
90844200
90844622
90846031
90846395
90847427
90848326
90848722
90849290
90849472
90849829
90850348
90850777
90852781
90852971
90853896
90855446
90856782
90857293
90860495
90860560
90860610
90861790
90862285
90862624
90863325
90863689
90863929
90865353
90865379
90867870
90867953
90868555
90868704
90869132
90871369
90872557
90872649
90874025
90874066
90875410
90875501
90875592
90876442
90876483
90876715
90876772
90877812
90878844
90879222
90880584
90881160
90882275
90883059
90883224
90884958
90885005
90885914
90885922
90887563
90888330
90889288
90890013
90891284
90903162
90903485
90904509
90904814
90905472
90905530
90906496
90909755
90910696
90911405
90911603
90911926
90911991
90913229
90914136
90914243
90914417
90915166
90915737
90915976
90916164
90916222
90916818
90917246
90917311
90917493
90917584
90917709
90919135
90920554
90921628
90922774
90923319
90924366
90924754
90924820
90926650
90927252
90927393
90927724
90931965
90933672
90935024
90936394
90936923
90938523
90939315
90939620
90941287
90942194
90942467
90943333
90943812
90943960
90944075
90944109
90944406
90944505
90945247
90945551
90946690
90946997
90947011
90947060
90947144
90947193
90947268
90947565
90947961
90949108
90950106
90950304
90950569
90951146
90951286
90952086
90952821
90955196
90957473
90957564
90957606
90958448
90959057
90960329
90961616
90961699
90963737
90964560
90964875
90965245
90967480
90968264
90969445
90969593
90970237
90970666
90970674
90970914
90971078
90971151
90971300
90971508
90971656
90972589
90972720
90973561
90973892
90974098
90974429
90977349
90977802
90977968
90978446
90979683
90979790
90979824
90983578
90984444
90984451
90984667
90984782
90985037
90986175
90986662
90987017
90987652
90989047
90989401
90989591
90990250
90990425
90993759
90994070
90996075
90998352
909994
90999673
91000182
91000463
91001198
91001677
91001990
91002535
91002709
91004143
91005348
91006494
91006957
91007518
91007864
91008128
91008136
91008672
91008730
91009712
91009886
91011155
91012138
91012203
91012526
91013409
91013532
91013896
91014241
91015263
91015867
91016337
91017319
91017772
91018614
91019091
91019570
91023762
91024836
91025650
91026096
91026948
91026963
91027672
91029181
91030825
91031294
91031641
91032037
91032193
91032425
91032474
91032516
91032979
91033506
91034173
91036434
91036715
91036822
91038380
91038588
91039057
91039602
91039990
91040766
91041228
91041921
91042549
91043422
91044750
91048272
910489
91050765
91051441
91051615
91051755
91052498
91055830
91058248
91059097
91061135
91061507
91062976
91063784
91063883
91064584
91065425
91065524
910661
91067991
91068783
91071399
91071803
91072223
91072744
91074294
91075796
91075838
91079020
91079947
91081125
91084004
91084186
91084962
91086272
91086843
91087080
91087353
91088559
91090217
91090704
91090811
91092049
91092577
91092874
91093658
91093716
91093765
91094318
91094433
91095240
91097725
91098459
91101345
91101535
91103820
91104570
91104802
91104968
91106252
91106450
91107391
91107847
91109504
91110007
91111666
91112508
91112680
91114298
91116046
91117077
91117127
91117234
91117499
91118471
91118927
91120287
91121061
91122770
91124370
91125450
91125815
91126391
91127241
91127431
91127977
91128702
91130385
91130468
91131490
91132712
91132928
913996
914804
915199
915249
915389
915397
916098
918730
919282
919316
919803
920744
921809
921999
923607
923631
924084
92411
924266
924365
925792
926485
926501
928598
931378
93335149
93341477
93364743
93367597
933903
93398147
93420586
93459576
93478832
93487445
93488138
93519932
93521441
93525582
93531465
93545655
93547784
93548709
93555415
93572733
93578672
93579134
93583458
93590263
93592830
93593234
93593283
93597748
93609725
93617462
93620011
93630416
93632321
93634178
93636819
93641009
93643187
93652790
93657575
93672491
93672657
93682227
93683449
93687093
93691210
93692119
93693901
93696987
93707685
93713527
93719466
93721926
93723609
93726693
93727212
93731354
93735397
93739753
93740876
93741593
93743995
93748036
93749984
93752830
93753028
93754836
93755379
93756062
93758035
93760056
93760247
93760676
937607
93763829
93765634
93766087
93767846
93769776
93769958
93770329
93771103
93771236
93772952
93774420
93779478
93779650
93779684
93780211
93780476
93780542
93780674
93780971
93781334
93782522
93784817
93785517
93790368
93794501
93795433
93797777
93798288
93799088
93799112
93799617
93799948
93800811
93801116
93801330
93802106
93802478
93803179
93805588
93806214
93807071
93807089
93807337
93808004
93808673
93808871
93809770
93809804
93812063
93812162
93812196
93813053
93813376
93814010
93814390
93817831
93818342
93818458
93819589
93819597
93822880
93823060
93823466
93823961
93825701
93825750
93827087
93831204
93832566
93832665
93833556
93833655
93834075
93834158
93835239
93836138
93836781
93837425
93840031
93840080
93842599
93842623
93842961
93843928
93845196
938464
93847028
93848166
93852408
93853836
93855500
93857381
93858306
93859338
93860278
93861169
93863603
93864064
93865350
93866168
93866259
93867083
93868990
93870053
93872943
93873578
93873966
938761
93877504
93879054
93879179
93879690
93879708
93879948
93880631
93881175
93881514
93883650
93883965
93883999
93887040
93887545
93887685
93889103
93889319
93889657
93889749
93889822
93890036
93891000
93894541
93895837
93896827
93899144
938993
93900702
93901312
93903508
93904308
93904597
93904696
93906493
93906618
93908002
93909604
93915049
93916674
93917102
93918894
93919165
93922318
93922532
93922631
93927184
93928174
93929529
93929966
93931269
93931657
93933075
93933612
93933992
93934255
93935146
93935351
93935591
93935823
93936375
93936847
93937704
93937860
93940997
93941292
93942720
93945657
93946127
93946291
93946440
93950210
93950764
93950848
93951952
93952398
93952547
93953040
93954741
93955896
93959773
93959849
93960235
93962744
93963122
93963148
93964534
93964641
93965333
93965929
93965994
93966208
93966372
93966661
93966687
93966786
93966992
93967289
93967768
93969319
93973485
93973618
93975092
93975829
93977460
939777
93980597
93981058
93982502
93984839
93986594
93986636
93986974
93988178
93989093
93989341
93989465
93990075
93990877
93992725
93993020
93993152
93993368
93993822
93994978
93995355
93996098
93996999
93997328
93997856
93997955
93999837
93999845
94000072
94001039
94003175
94004058
94004199
94008034
94009651
94009966
94010659
94011368
94011392
94011947
94012135
94012341
94014297
94015872
94016458
94017605
94018850
94019288
94021631
94021938
94022100
94022944
94023884
94024155
94025632
94025871
94026002
94026069
94026515
94027695
94028735
94028925
94029824
94031119
94033065
94033362
94033370
94034279
94034857
94035045
94035748
94037686
94038106
94041464
942656
943340
943357
943993
944322
947465
948604
949768
950006
950063
952275
956938
958504
958629
961185
961227
961664
962274
962753
965871
965988
966135
966622
969006
969451
972653
972984
973149
973396
973693
975896
975987
976266
976571
976761
977629
979062
979070
979096
979674
979724
979955
980870
983130
983197
984617
984831
985648
986059
987263
987644
987685
989038
991489
991984
997916
997965
998625
999391
